72177720327406853
72177720327393767
72177720327393777
72177720327406858
72177720327406863
72177720327393887
72177720327386671
72177720327412679
72177720327386270
72177720327393807
72177720327406893
72177720327393847
72177720327386315
72177720327386731
72177720327386786
72177720328675201
72177720327386771
72177720327407023
72177720327386816
72177720327386440
72177720327412829
72177720327394022
72177720327394062
72177720327386906
72177720327407138
72177720327386936
72177720328699709
72177720327394192
72177720327386625
72177720327413029
72177720327407288
72177720327387116
72177720327394262
72177720327413229
72177720327387151
72177720327413224
72177720327386785
72177720327387251
72177720327413249
72177720327413119
72177720327387376
72177720327407428
72177720327413154
72177720327394322
72177720327413274
72177720327413294
72177720327394452
72177720327413344
72177720327407553
72177720327413424
72177720327407578
72177720327394477
72177720327413504
72177720327394502
72177720327413444
72177720327387511
72177720328669805
72177720327367734
72177720328694333
72177720328685122
72177720328669825
72177720328676161
72177720327362893
72177720327367779
72177720327342410
72177720327348812
72177720327362888
72177720327367769
72177720327342061
72177720327342696
72177720327362908
72177720327342016
72177720327362923
72177720327342081
72177720327342440
72177720327342455
72177720327342711
72177720327363398
72177720327367849
72177720327342731
72177720327342151
72177720327348872
72177720327362963
72177720327342475
72177720327348887
72177720327342505
72177720327367909
72177720327348922
72177720327342520
72177720327367929
72177720327342525
72177720327342530
72177720327348942
72177720327363053
72177720327348967
72177720327342555
72177720327342570
72177720327348997
72177720327363033
72177720327342741
72177720327349002
72177720327342326
72177720327368064
72177720327363078
72177720327363133
72177720327342715
72177720327342730
72177720327349097
72177720327342785
72177720327368119
72177720327363178
72177720327349147
72177720327349382
72177720327368374
72177720327342481
72177720327363378
72177720327342491
72177720328695078
72177720327368199
72177720328695083
72177720328685047
72177720327368294
72177720327342521
72177720327342880
72177720327349317
72177720327342676
72177720327318791
72177720327318710
72177720327339828
72177720327340848
72177720327319755
72177720327339918
72177720327319791
72177720328679441
72177720327339963
72177720327318975
72177720327318980
72177720327325837
72177720327319296
72177720327340508
72177720327333279
72177720327327968
72177720327313847
72177720327306750
72177720327333539
72177720327328243
72177720327314337
72177720327309983
72177720327289620
72177720327296557
72177720327290570